Alti
640
650
670
680
695
710
720
727
730
730
730
740
740
750
750
750
750
760
760
760
765
766
770
770
770
771
776
780
790
790
800
800
803
805
810
830
840
840
840
850
860
860
870
870
870
880
880
880
930
940
940
950
950
950
950
960
965
980
985
990
990
990
1000
1000
1010
1010
1010
1020
1020
1050
1050
1050
1070
1070
1070
1080
1090
1090
1090
1100
1105
1110
1115
1130
1150
1150
1160
1170
1180
1180
1180
1185
1185
1210
1210
1220
1220
1220
1220
1220
1240
1250
1250
1260
1270
1270
1290
1300
1300
1300
1300
1310
1310
1310
1320
1330
1350
1360
1360
1370
1370
1380
1390
1390
1400
1400
1400
1410
1410
1410
1410
1420
1420
1440
1450
1450
1460
1460
1470
1480
1490
1500
1510
1510
1515
1520
1530
1535
1550
1550
1550
1550
1550
1550
1560
1560
1570
1580
1580
1580
1580
1580
1580
1600
1610
1610
1620
1720
1620
1630
1630
1630
1650
1650
1650
1650
1650
1650
1670
1670
1680
1680
1700
1700
1700
1710
1720
1725
1730
1730
1740
1750
1750
1750
1760
1760
1770
1770
1780
1790
1790
1800
1800
1820
1820
1820
1840
1840
1845
1850
1850
1850
1880
1880
1890
1900
1900
1900
1910
1920
1920
1940
1940
1950
1950
1950
1950
1950
1950
1950
1950
1960
1970
1970
1980
1980
1980
1985
1985
1990
2000
2030
2030
2030
2045
2050
2050
2050
2050
2050
2050
2050
2070
2080
2080
2090
2090
2100
2100
2100
2100
2100
2120
2130
2140
2140
2150
2150
2150
2150
2160
2165
2170
2175
2180
2180
2185
2190
2190
2210
2210
2220
2220
2230
2250
2250
2250
2250
2250
2250
2250
2260
2260
2275
2280
2280
2285
2290
2300
2300
2300
2305
2310
2310
2310
2320
2320
2320
2320
2340
2350
2350
2350
2350
2360
2370
2370
2390
2390
2390
2400
2400
2410
2415
2420
2420
2450
2450
2450
2450
2460
2460
2480
2500
2500
2500
2510
2510
2510
2520
2520
2530
2530
2530
2540
2550
2550
2550
2550
2550
2550
2550
2560
2560
2575
2580
2615
2620
2620
2620
2620
2630
2650
2650
2650
2650
2650
2650
2670
2680
2720
2735
2750
2810
2850
2880
